298
Messiah War
5
1009156
1009182
1009214
1009268
1009718
151
Maximum Carnage
2
1009185
1009610
279
X-Men: Second Coming
3
1009214
1009257
1009718
231
Armor Wars
4
1009220
1009287
1009338
1009368
308
X-Men: Regenesis
5
1009257
1009268
1009310
1009362
1009718
59
Shadowland
3
1009262
1010925
1009610
239
Crossing
3
1009338
1009368
1009384
212
Planet Hulk
3
1009351
1011080
1009592
258
Kraven's Last Hunt
1
1009610
314
Age of Ultron
1
1009685
270
Secret Wars
29
1009404
1009417
1009459
1009472
1009504
1009664
1009148
1009189
1009199
1009220
1009224
1009243
1009257
1009281
1009276
1009312
1009338
1009351
1009356
1009366
1009368
1009546
1009562
1009610
1009629
1009662
1009685
1009697
1009718
116
Acts of Vengeance!
34
1009407
1009417
1009421
1009454
1009459
1009471
1009477
1009515
1009535
1009664
1009152
1009156
1009175
1009220
1010338
1009243
1009257
1009262
1009281
1009282
1009351
1009356
1009362
1009366
1009368
1009382
1009389
1009546
1009592
1009610
1009629
1009662
1009685
1009718
233
Atlantis Attacks
19
1009407
1009417
1009515
1009664
1010354
1009175
1009243
1009257
1009281
1009356
1009362
1009366
1009368
1009372
1009546
1009610
1009629
1009662
1009718
318
Dark Reign
31
1009407
1009459
1009471
1009515
1009524
1009664
1010802
1010784
1009169
1009187
1009212
1010338
1009241
1009268
1009281
1009310
1011490
1009338
1009343
1009351
1009356
1009366
1009368
1009372
1009562
1009610
1009648
1010788
1009697
1010740
1009718
302
Fear Itself
40
1009407
1009215
1009417
1009471
1009480
1009524
1011360
1009664
1009148
1010354
1010802
1009175
1009187
1009189
1009220
1010338
1009243
1009252
1009257
1009262
1009268
1009282
1010677
1009288
1009297
1009312
1010925
1011490
1009338
1009343
1010373
1009351
1009368
1009382
1009592
1009610
1009648
1009662
1010740
1009718
271
Secret Wars II
27
1009407
1009215
1009417
1009459
1009472
1009504
1009664
1010354
1009220
1009224
1009243
1009257
1009262
1009281
1009282
1009343
1009351
1009356
1009366
1009368
1009389
1009546
1009562
1009610
1009629
1009697
1009718
309
Shattered Heroes
23
1009407
1009215
1009440
1009459
1009471
1009480
1009524
1009664
1009148
1010802
1009189
1009220
1009252
1011490
1009338
1009351
1009366
1009368
1009382
1009610
1009648
1009662
1010740
273
Siege
21
1009407
1009471
1009524
1009664
1009148
1010802
1009156
1009175
1009220
1009243
1009257
1009313
1011490
1009343
1009546
1009562
1009610
1009648
1009685
1009697
1010740
310
Avengers VS X-Men
24
1009215
1009417
1011360
1009664
1009175
1009189
1009214
1009220
1010338
1009243
1009257
1009282
1009310
1009313
1009338
1009351
1009368
1009382
1009562
1009610
1009629
1009662
1009697
1009718
296
Chaos War
24
1009215
1009459
1009664
1009146
1010784
1009175
1009189
1009220
1009224
1009282
1009338
1009343
1009351
1009356
1009366
1009368
1011080
1009592
1009610
1009662
1010788
1009697
1010740
1009718
238
Civil War
40
1009215
1009417
1009452
1009459
1009504
1009515
1009535
1009664
1009740
1009175
1009182
1009184
1009185
1009187
1009191
1009212
1009214
1009220
1010338
1009241
1009243
1009257
1009262
1009268
1009282
1009297
1011490
1009356
1009362
1009366
1009368
1009389
1009546
1009610
1009629
1009662
1010788
1009697
1010740
1009718
305
Spider-Island
21
1009215
1009708
1009459
1010773
1009187
1010338
1009241
1009288
1009338
1009343
1009351
1009366
1009368
1009372
1009389
1009610
1009662
1009663
1010788
1010740
1009718
297
Fall of the Hulks
3
1010726
1011360
1009351
299
Messiah CompleX
20
1009413
1009417
1010681
1009465
1009472
1009504
1009175
1009182
1009214
1009243
1009257
1009310
1009313
1009362
1009382
1009546
1009554
1009570
1009629
1009718
227
Age of Apocalypse
22
1009417
1009465
1009472
1009504
1009524
1009156
1009175
1009182
1009199
1009214
1009243
1009257
1009268
1009269
1009313
1009362
1009382
1009546
1009554
1009562
1009629
1009718
249
Fatal Attractions
18
1009417
1009459
1009471
1009472
1009504
1009524
1009175
1009182
1009214
1009243
1009257
1009313
1009362
1009368
1009546
1009629
1009662
1009718
251
House of M
20
1009417
1009459
1009524
1009170
1009182
1009187
1009220
1009268
1009281
1009338
1009351
1009356
1009366
1009368
1009372
1009562
1009570
1009610
1009662
1009718
311
Marvel NOW!
6
1009417
1010744
1010338
1009288
1009351
1010733
263
Mutant Massacre
15
1009417
1009465
1009472
1009664
1010354
1009175
1009199
1009243
1009257
1009262
1009362
1009546
1009554
1009629
1009718
154
Onslaught
42
1009417
1009459
1009465
1009472
1009480
1009483
1009504
1009515
1009524
1009535
1009664
1009156
1009175
1009182
1009187
1009189
1009214
1009220
1009243
1009257
1009281
1009282
1009288
1009297
1009313
1011490
1009338
1009351
1009356
1009362
1009366
1009368
1009382
1009546
1009554
1009562
1009570
1009610
1009629
1009662
1009697
1009718
306
X-Men: Schism
10
1009417
1009504
1009243
1009257
1009268
1009310
1009313
1009362
1009570
1009718
255
Initiative
28
1011335
1009452
1009459
1009477
1009515
1009535
1010784
1009185
1009187
1009189
1009212
1010338
1009288
1009297
1009312
1011490
1009351
1009356
1009366
1009368
1009372
1009592
1009610
1009629
1009662
1009685
1010788
1010740
269
Secret Invasion
27
1011335
1009459
1009471
1009477
1009504
1009664
1010802
1010784
1009180
1009184
1009187
1009189
1009220
1010338
1009224
1009262
1009268
1009282
1009287
1009288
1011490
1009351
1009368
1009610
1009648
1009662
1009718
266
Other - Evolve or Die
4
1009708
1009459
1009187
1009610
253
Infinity Gauntlet
21
1009440
1009459
1009477
1009664
1009146
1010354
1009152
1009220
1009281
1009282
1009312
1009343
1009351
1009356
1009562
1009592
1009610
1009652
1009662
1009697
1009718
246
Evolutionary War
16
1009452
1009472
1009504
1009664
1009156
1009175
1009199
1009243
1009257
1009265
1009338
1009362
1009546
1009610
1009629
1009718
219
Siege of Darkness
5
1009454
1009191
1009282
1009562
1009610
240
Days of Future Present
14
1009459
1010354
1009175
1009214
1010338
1009243
1009257
1009356
1009362
1009366
1009610
1009629
1009662
1009718
37
Maximum Security
33
1009459
1009471
1009472
1009477
1009480
1009504
1009515
1009664
1009175
1009182
1009187
1009214
1009220
1010338
1009224
1009243
1009262
1009313
1009321
1009338
1009343
1009351
1009356
1009366
1009368
1009546
1009562
1009592
1009610
1009629
1009662
1009697
1009718
277
World War Hulk
22
1009459
1009472
1009504
1009515
1010802
1009184
1009185
1009187
1010338
1009243
1009257
1009282
1009343
1009351
1009356
1009362
1009366
1009368
1009546
1009610
1009662
1009718
32
Kings of Pain
6
1009465
1009505
1009175
1009214
1009257
1009362
245
Enemy of the State
8
1009471
1009175
1009257
1009288
1009310
1009368
1009629
1009718
319
Original Sin
3
1009471
1010802
1009187
248
Fall of the Mutants
18
1009472
1009156
1009175
1009187
1009199
1009220
1010338
1009243
1009257
1009262
1009281
1009351
1009356
1009362
1009546
1009629
1009662
1009718
29
Infinity War
28
1009472
1009477
1009504
1009664
1010354
1009152
1009175
1009220
1009243
1009257
1009262
1009269
1009282
1009297
1009312
1009343
1009351
1009356
1009366
1009368
1009382
1009546
1009562
1009592
1009629
1009652
1009697
1009718
229
Annihilation
4
1009477
1010735
1010344
1009592
293
Annihilation: Conquest
10
1009477
1010744
1010354
1009195
1011027
1010763
1010743
1010344
1010733
1009685
295
Realm of Kings
2
1009477
1009351
294
The Thanos Imperative
9
1009477
1010744
1009180
1010763
1009321
1010344
1009592
1010733
1009652
276
War of Kings
2
1009477
1009184
235
Blood and Thunder
7
1009480
1009664
1010354
1010735
1010763
1009592
1009652
303
Age of X
11
1009504
1009220
1009243
1009257
1009310
1009313
1009351
1009366
1009368
1009546
1009629
252
Inferno
17
1009504
1009175
1010338
1009243
1009257
1009262
1009356
1009362
1009382
1009384
1009546
1009554
1009592
1009610
1009629
1009662
1009718
280
X-Tinction Agenda
9
1009515
1010354
1009175
1009214
1009257
1009313
1009362
1009629
1009718
234
Avengers Disassembled
6
1009664
1009220
1009338
1009368
1009562
1009610
60
World War Hulks
5
1009664
1009351
1009610
1010740
1009718